000000
000001
000002
000004
000005
000006
000007
000008
000009
000010
000011
000012
000013
000014
000015
000016
000019
000020
000021
000022
000023
000024
000025
000028
000030
000031
000033
000034
000035
000036
000037
000039
000040
000042
000043
000045
000048
000049
000050
000051
000052
000055
000056
000057
000059
000060
000062
000063
000064
000065
000066
000068
000069
000070
000071
000072
000076
000077
000078
000080
000081
000084
000085
000086
000087
000088
000089
000090
000091
000093
000094
000096
000098
000099
000100
000101
000102
000103
000104
000107
000108
000109
000110
000111
000113
000114
000116
000117
000118
000121
000124
000125
000126
000127
000128
000129
000130
000131
000135
000138
000139
000140
000142
000143
000144
000145
000146
000148
000152
000153
000154
000156
000157
000158
000159
000160
000162
000164
000166
000169
000170
000171
000173
000174
000176
000177
000178
000180
000181
000182
000183
000184
000186
000188
000189
000190
000191
000193
000195
000199
